0.0 0
0.1 0
0.2 0
0.3 0
0.4 0
0.5 0
0.6 0
0.7 0
0.8 24.806
0.9 24.806
1.0 24.806
1.1 24.806
1.2 24.806
1.3 24.806
1.4 24.806
1.5 24.806
1.6 24.806
1.7 24.806
1.8 24.806
1.9 24.806
2.0 24.806
2.1 24.806
2.2 24.806
2.3 24.806
2.4 24.806
2.5 24.806
2.6 24.806
2.7 24.806
2.8 24.806
2.9 24.806
3.0 24.806
3.1 24.806
3.2 24.806
3.3 24.806
3.4 24.806
3.5 24.806
3.6 24.806
3.7 24.806
3.8 24.806
3.9 24.806
4.0 24.806
4.1 24.806
4.2 24.806
4.3 24.806
4.4 24.806
4.5 24.806
4.6 24.806
4.7 24.806
4.8 24.806
4.9 24.806
5.0 24.806
5.1 24.806
5.2 24.806
5.3 24.806
5.4 24.806
5.5 24.806
5.6 24.806
5.7 24.806
5.8 24.806
5.9 24.806
6.0 24.806
6.1 24.806
6.2 24.806
6.3 24.806
6.4 24.806
6.5 24.806
6.6 24.806
6.7 24.806
6.8 24.806
6.9 24.806
7.0 24.806
7.1 24.806
7.2 24.806
7.3 24.806
7.4 24.806
7.5 24.806
7.6 24.806
7.7 24.806
7.8 24.806
7.9 24.806
8.0 24.806
8.1 24.806
8.2 24.806
8.3 24.806
8.4 24.806
8.5 24.806
8.6 24.806
8.7 24.806
8.8 24.806
8.9 24.806
9.0 24.806
9.1 24.806
9.2 24.806
9.3 24.806
9.4 24.806
9.5 24.806
9.6 24.806
9.7 24.806
9.8 24.806
9.9 24.806
10.0 24.806
10.1 24.806
10.2 24.806
10.3 24.806
10.4 24.806
10.5 24.806
10.6 24.806
10.7 25.000
10.8 25.000
10.9 25.000
11.0 25.000
11.1 25.000
11.2 25.000
11.3 25.000
11.4 25.000
11.5 25.000
11.6 25.000
11.7 25.000
11.8 25.000
11.9 25.000
12.0 25.000
12.1 25.000
12.2 25.000
12.3 25.000
12.4 25.000
12.5 25.000
12.6 25.000
12.7 25.000
12.8 25.000
12.9 25.000
13.0 25.000
13.1 25.000
13.2 25.000
13.3 25.000
13.4 25.000
13.5 25.000
13.6 25.000
13.7 25.000
13.8 25.000
13.9 25.000
14.0 25.000
14.1 25.000
14.2 25.000
14.3 25.000
14.4 25.000
14.5 25.000
14.6 25.000
14.7 25.000
14.8 25.000
14.9 25.000
15.0 25.000
15.1 25.000
15.2 25.000
15.3 25.000
15.4 25.000
15.5 25.000
15.6 25.000
15.7 25.000
15.8 25.000
15.9 25.000
16.0 25.000
16.1 25.000
16.2 25.000
16.3 25.000
16.4 25.000
16.5 25.000
16.6 25.000
16.7 25.000
16.8 25.000
16.9 25.000
17.0 25.000
17.1 25.000
17.2 25.000
17.3 25.000
17.4 25.000
17.5 25.000
17.6 25.000
17.7 25.000
17.8 25.000
17.9 25.000
18.0 25.000
18.1 25.000
18.2 25.000
18.3 25.000
18.4 25.000
18.5 25.000
18.6 25.000
18.7 25.000
18.8 25.000
18.9 25.000
19.0 25.000
19.1 25.000
19.2 25.000
19.3 25.000
19.4 25.000
19.5 25.000
19.6 25.000
19.7 25.000
19.8 25.000
19.9 25.000
20.0 25.000
20.1 25.000
20.2 25.000
20.3 25.000
20.4 25.000
20.5 25.000
20.6 25.000
20.7 25.032
20.8 25.032
20.9 25.032
21.0 25.032
21.1 25.032
21.2 25.032
21.3 25.032
21.4 25.032
21.5 25.032
21.6 25.032
21.7 25.032
21.8 25.032
21.9 25.032
22.0 25.032
22.1 25.032
22.2 25.032
22.3 25.032
22.4 25.032
22.5 25.032
22.6 25.032
22.7 25.032
22.8 25.032
22.9 25.032
23.0 25.032
23.1 25.032
23.2 25.032
23.3 25.032
23.4 25.032
23.5 25.032
23.6 25.032
23.7 25.032
23.8 25.032
23.9 25.032
24.0 25.032
24.1 25.032
24.2 25.032
24.3 25.032
24.4 25.032
24.5 25.032
24.6 25.032
24.7 25.032
24.8 25.032
24.9 25.032
25.0 25.032
25.1 25.032
25.2 25.032
25.3 25.032
25.4 25.032
25.5 25.032
25.6 25.032
25.7 25.032
25.8 25.032
25.9 25.032
26.0 25.032
26.1 25.032
26.2 25.032
26.3 25.032
26.4 25.032
26.5 25.032
26.6 25.032
26.7 25.032
26.8 25.032
26.9 25.032
27.0 25.032
27.1 25.032
27.2 25.032
27.3 25.032
27.4 25.032
27.5 25.032
27.6 25.032
27.7 25.032
27.8 25.032
27.9 25.032
28.0 25.032
28.1 25.032
28.2 25.032
28.3 25.032
28.4 25.032
28.5 25.032
28.6 25.032
28.7 25.032
28.8 25.032
28.9 25.032
29.0 25.032
29.1 25.032
29.2 25.032
29.3 25.032
29.4 25.032
29.5 25.032
29.6 25.032
29.7 25.032
29.8 25.032
29.9 25.032
30.0 25.032
30.1 25.032
30.2 25.032
30.3 25.032
30.4 25.032
30.5 25.032
30.6 25.032
30.7 25.032
30.8 25.032
30.9 25.032
31.0 25.032
31.1 25.032
31.2 25.032
31.3 25.032
31.4 25.032
31.5 25.032
31.6 25.032
31.7 25.032
31.8 25.032
31.9 25.032
32.0 25.032
32.1 25.032
32.2 25.032
32.3 25.032
32.4 25.032
32.5 25.032
32.6 25.032
32.7 25.032
32.8 25.032
32.9 25.032
33.0 25.032
33.1 25.032
33.2 25.032
33.3 25.032
33.4 25.032
33.5 25.032
33.6 25.032
33.7 25.032
33.8 25.032
33.9 25.032
34.0 25.032
34.1 25.032
34.2 25.032
34.3 25.032
34.4 25.032
34.5 25.032
34.6 25.032
34.7 25.032
34.8 25.032
34.9 25.032
35.0 25.032
35.1 25.032
35.2 25.032
35.3 25.032
35.4 25.032
35.5 25.032
35.6 25.032
35.7 25.032
35.8 25.032
35.9 25.032
36.0 25.032
36.1 25.032
36.2 25.032
36.3 25.032
36.4 25.032
36.5 25.032
36.6 25.032
36.7 25.032
36.8 25.032
36.9 25.032
37.0 25.032
37.1 25.032
37.2 25.032
37.3 25.032
37.4 25.032
37.5 25.032
37.6 25.032
37.7 25.032
37.8 25.032
37.9 25.032
38.0 25.033
38.1 25.033
38.2 25.033
38.3 25.033
38.4 25.033
38.5 25.033
38.6 25.032
38.7 25.032
38.8 25.032
38.9 25.032
39.0 25.032
39.1 25.032
39.2 25.032
39.3 25.038
39.4 25.038
39.5 25.038
39.6 25.038
39.7 25.038
39.8 25.038
39.9 25.038
40.0 25.038
40.1 25.038
40.2 25.038
40.3 25.038
40.4 25.038
40.5 25.038
40.6 24.967
40.7 24.967
40.8 24.967
40.9 24.967
41.0 24.967
41.1 24.967
41.2 24.967
41.3 24.967
41.4 24.967
41.5 24.967
41.6 24.967
41.7 24.967
41.8 24.967
41.9 24.967
42.0 24.967
42.1 24.967
42.2 24.967
42.3 24.967
42.4 24.967
42.5 24.967
42.6 24.967
42.7 24.967
42.8 24.967
42.9 24.967
43.0 24.967
43.1 24.967
43.2 24.967
43.3 24.967
43.4 24.967
43.5 24.967
43.6 24.967
43.7 24.967
43.8 24.967
43.9 24.967
44.0 24.967
44.1 24.967
44.2 24.967
44.3 24.967
44.4 24.967
44.5 24.967
44.6 24.967
44.7 24.967
44.8 24.967
44.9 24.967
45.0 24.967
45.1 24.967
45.2 24.967
45.3 24.967
45.4 24.967
45.5 24.967
45.6 24.967
45.7 24.967
45.8 24.967
45.9 24.967
46.0 24.967
46.1 24.967
46.2 24.967
46.3 24.967
46.4 24.967
46.5 24.967
46.6 24.967
46.7 24.967
46.8 24.967
46.9 24.967
47.0 24.967
47.1 24.967
47.2 24.967
47.3 24.967
47.4 24.967
47.5 24.967
47.6 24.967
47.7 24.967
47.8 24.967
47.9 24.968
48.0 24.968
48.1 24.968
48.2 24.968
48.3 24.968
48.4 24.968
48.5 24.961
48.6 24.961
48.7 24.961
48.8 24.961
48.9 24.961
49.0 24.961
49.1 24.961
49.2 24.960
49.3 24.960
49.4 24.960
49.5 24.960
49.6 24.960
49.7 24.960
49.8 24.960
49.9 24.960
50.0 24.960
50.1 24.960
50.2 24.960
50.3 24.960
50.4 24.960
50.5 24.960
50.6 24.967
50.7 24.967
50.8 24.967
50.9 24.967
51.0 24.967
51.1 24.967
51.2 24.967
51.3 24.967
51.4 24.967
51.5 24.967
51.6 24.967
51.7 24.967
51.8 24.967
51.9 24.967
52.0 24.967
52.1 24.967
52.2 24.967
52.3 24.967
52.4 24.967
52.5 24.967
52.6 24.967
52.7 24.967
52.8 24.967
52.9 24.967
53.0 24.967
53.1 24.967
53.2 24.967
53.3 24.967
53.4 24.967
53.5 24.967
53.6 24.967
53.7 24.967
53.8 24.967
53.9 24.967
54.0 24.967
54.1 24.967
54.2 24.967
54.3 24.967
54.4 24.967
54.5 24.967
54.6 24.967
54.7 24.967
54.8 24.967
54.9 24.967
55.0 24.967
55.1 24.967
55.2 24.967
55.3 24.967
55.4 24.967
55.5 24.967
55.6 24.967
55.7 24.967
55.8 24.967
55.9 24.967
56.0 24.967
56.1 24.967
56.2 24.967
56.3 24.967
56.4 24.967
56.5 24.967
56.6 24.967
56.7 24.967
56.8 24.967
56.9 24.967
57.0 24.967
57.1 24.967
57.2 24.967
57.3 24.967
57.4 24.967
57.5 24.967
57.6 24.967
57.7 24.968
57.8 24.968
57.9 24.968
58.0 24.968
58.1 24.968
58.2 24.968
58.3 24.968
58.4 24.961
58.5 24.961
58.6 24.961
58.7 24.961
58.8 24.961
58.9 24.961
59.0 24.961
59.1 24.960
59.2 24.960
59.3 24.960
59.4 24.960
59.5 24.960
59.6 24.960
59.7 24.960
59.8 24.960
59.9 24.960
60.0 24.960
60.1 24.960
60.2 24.960
60.3 24.960
60.4 24.960
60.5 24.960
60.6 25.000
60.7 25.000
60.8 25.000
60.9 25.000
61.0 25.000
61.1 25.000
61.2 25.000
61.3 25.000
61.4 25.000
61.5 25.000
61.6 25.000
61.7 25.000
61.8 25.000
61.9 25.000
62.0 25.000
62.1 25.000
62.2 25.000
62.3 25.000
62.4 25.000
62.5 25.000
62.6 25.000
62.7 25.000
62.8 25.000
62.9 25.000
63.0 25.000
63.1 25.000
63.2 25.000
63.3 25.000
63.4 25.000
63.5 25.000
63.6 25.000
63.7 25.000
63.8 25.000
63.9 25.000
64.0 25.000
64.1 25.000
64.2 25.000
64.3 25.000
64.4 25.000
64.5 25.000
64.6 25.000
64.7 25.000
64.8 25.000
64.9 25.000
65.0 25.000
65.1 25.000
65.2 25.000
65.3 25.000
65.4 25.000
65.5 25.000
65.6 25.000
65.7 25.000
65.8 25.000
65.9 25.000
66.0 25.000
66.1 25.000
66.2 25.000
66.3 25.000
66.4 25.000
66.5 25.000
66.6 25.000
66.7 25.000
66.8 25.000
66.9 25.000
67.0 25.000
67.1 25.000
67.2 25.000
67.3 25.000
67.4 25.000
67.5 25.000
67.6 25.004
67.7 25.004
67.8 25.004
67.9 25.004
68.0 25.004
68.1 25.004
68.2 25.004
68.3 25.000
68.4 25.000
68.5 25.000
68.6 25.000
68.7 25.000
68.8 25.000
68.9 25.009
69.0 25.009
69.1 25.009
69.2 25.009
69.3 25.009
69.4 25.009
69.5 25.009
69.6 25.009
69.7 25.009
69.8 25.009
69.9 25.009
70.0 25.009
70.1 25.009
70.2 25.009
70.3 25.009
70.4 25.009
70.5 24.967
70.6 24.967
70.7 24.967
70.8 24.967
70.9 24.967
71.0 24.967
71.1 24.967
71.2 24.967
71.3 24.967
71.4 24.967
71.5 24.967
71.6 24.967
71.7 24.967
71.8 24.967
71.9 24.967
72.0 24.967
72.1 24.967
72.2 24.967
72.3 24.967
72.4 24.967
72.5 24.967
72.6 24.967
72.7 24.967
72.8 24.967
72.9 24.967
73.0 24.967
73.1 24.967
73.2 24.967
73.3 24.967
73.4 24.967
73.5 24.967
73.6 24.967
73.7 24.967
73.8 24.967
73.9 24.967
74.0 24.967
74.1 24.967
74.2 24.967
74.3 24.967
74.4 24.967
74.5 24.967
74.6 24.967
74.7 24.967
74.8 24.967
74.9 24.967
75.0 24.967
75.1 24.967
75.2 24.967
75.3 24.967
75.4 24.967
75.5 24.967
75.6 24.967
75.7 24.967
75.8 24.967
75.9 24.967
76.0 24.967
76.1 24.967
76.2 24.967
76.3 24.967
76.4 24.967
76.5 24.967
76.6 24.967
76.7 24.967
76.8 24.967
76.9 24.967
77.0 24.967
77.1 24.967
77.2 24.967
77.3 24.967
77.4 24.967
77.5 24.968
77.6 24.968
77.7 24.968
77.8 24.968
77.9 24.968
78.0 24.968
78.1 24.968
78.2 24.960
78.3 24.960
78.4 24.960
78.5 24.960
78.6 24.960
78.7 24.960
78.8 24.966
78.9 24.966
79.0 24.966
79.1 24.966
79.2 24.966
79.3 24.966
79.4 24.966
79.5 24.966
79.6 24.966
79.7 24.966
79.8 24.966
79.9 24.966
80.0 24.966
80.1 24.966
80.2 24.966
80.3 24.966
80.4 24.966
80.5 25.000
80.6 25.000
80.7 25.000
80.8 25.000
80.9 25.000
81.0 25.000
81.1 25.000
81.2 25.000
81.3 25.000
81.4 25.000
81.5 25.000
81.6 25.000
81.7 25.000
81.8 25.000
81.9 25.000
82.0 25.000
82.1 25.000
82.2 25.000
82.3 25.000
82.4 25.000
82.5 25.000
82.6 25.000
82.7 25.000
82.8 25.000
82.9 25.000
83.0 25.000
83.1 25.000
83.2 25.000
83.3 25.000
83.4 25.000
83.5 25.000
83.6 25.000
83.7 25.000
83.8 25.000
83.9 25.000
84.0 25.000
84.1 25.000
84.2 25.000
84.3 25.000
84.4 25.000
84.5 25.000
84.6 25.000
84.7 25.000
84.8 25.000
84.9 25.000
85.0 25.000
85.1 25.000
85.2 25.000
85.3 25.000
85.4 25.000
85.5 25.000
85.6 25.000
85.7 25.000
85.8 25.000
85.9 25.000
86.0 25.000
86.1 25.000
86.2 25.000
86.3 25.000
86.4 25.000
86.5 25.000
86.6 25.000
86.7 25.000
86.8 25.000
86.9 25.000
87.0 25.000
87.1 25.000
87.2 25.000
87.3 25.000
87.4 25.002
87.5 25.002
87.6 25.002
87.7 25.002
87.8 25.002
87.9 25.002
88.0 25.009
88.1 25.009
88.2 25.009
88.3 25.009
88.4 25.009
88.5 25.009
88.6 25.009
88.7 25.001
88.8 25.001
88.9 25.001
89.0 25.001
89.1 25.001
89.2 25.001
89.3 25.001
89.4 25.001
89.5 25.001
89.6 25.001
89.7 25.001
89.8 25.001
89.9 25.001
90.0 25.001
90.1 25.001
90.2 25.001
90.3 25.001
90.4 25.001
90.5 25.000
90.6 25.000
90.7 25.000
90.8 25.000
90.9 25.000
91.0 25.000
91.1 25.000
91.2 25.000
91.3 25.000
91.4 25.000
91.5 25.000
91.6 25.000
91.7 25.000
91.8 25.000
91.9 25.000
92.0 25.000
92.1 25.000
92.2 25.000
92.3 25.000
92.4 25.000
92.5 25.000
92.6 25.000
92.7 25.000
92.8 25.000
92.9 25.000
93.0 25.000
93.1 25.000
93.2 25.000
93.3 25.000
93.4 25.000
93.5 25.000
93.6 25.000
93.7 25.000
93.8 25.000
93.9 25.000
94.0 25.000
94.1 25.000
94.2 25.000
94.3 25.000
94.4 25.000
94.5 25.000
94.6 25.000
94.7 25.000
94.8 25.000
94.9 25.000
95.0 25.000
95.1 25.000
95.2 25.000
95.3 25.000
95.4 25.000
95.5 25.000
95.6 25.000
95.7 25.000
95.8 25.000
95.9 25.000
96.0 25.000
96.1 25.000
96.2 25.000
96.3 25.000
96.4 25.000
96.5 25.000
96.6 25.000
96.7 25.000
96.8 25.000
96.9 25.000
97.0 25.000
97.1 25.000
97.2 25.000
97.3 25.001
97.4 25.001
97.5 25.001
97.6 25.001
97.7 25.001
97.8 25.001
97.9 25.007
98.0 25.007
98.1 25.007
98.2 25.007
98.3 25.007
98.4 25.007
98.5 25.007
98.6 25.000
98.7 25.000
98.8 25.000
98.9 25.000
99.0 25.000
99.1 25.000
99.2 25.000
99.3 25.000
99.4 25.000
99.5 25.000
99.6 25.000
99.7 25.000
99.8 25.000
99.9 25.000
100.0 25.000
100.1 25.000
100.2 25.000
100.3 25.000
100.4 24.967
100.5 24.967
100.6 24.967
100.7 24.967
100.8 24.967
100.9 24.967
101.0 24.967
101.1 24.967
101.2 24.967
101.3 24.967
101.4 24.967
101.5 24.967
101.6 24.967
101.7 24.967
101.8 24.967
101.9 24.967
102.0 24.967
102.1 24.967
102.2 24.967
102.3 24.967
102.4 24.967
102.5 24.967
102.6 24.967
102.7 24.967
102.8 24.967
102.9 24.967
103.0 24.967
103.1 24.967
103.2 24.967
103.3 24.967
103.4 24.967
103.5 24.967
103.6 24.967
103.7 24.967
103.8 24.967
103.9 24.967
104.0 24.967
104.1 24.967
104.2 24.967
104.3 24.967
104.4 24.967
104.5 24.967
104.6 24.967
104.7 24.967
104.8 24.967
104.9 24.967
105.0 24.967
105.1 24.967
105.2 24.967
105.3 24.967
105.4 24.967
105.5 24.967
105.6 24.967
105.7 24.967
105.8 24.967
105.9 24.967
106.0 24.967
106.1 24.967
106.2 24.967
106.3 24.967
106.4 24.967
106.5 24.967
106.6 24.967
106.7 24.967
106.8 24.967
106.9 24.967
107.0 24.967
107.1 24.969
107.2 24.969
107.3 24.969
107.4 24.969
107.5 24.969
107.6 24.969
107.7 24.969
107.8 24.967
107.9 24.967
108.0 24.967
108.1 24.967
108.2 24.967
108.3 24.967
108.4 24.969
108.5 24.969
108.6 24.969
108.7 24.969
108.8 24.969
108.9 24.969
109.0 24.969
109.1 24.969
109.2 24.969
109.3 24.969
109.4 24.969
109.5 24.969
109.6 24.969
109.7 24.969
109.8 24.969
109.9 24.969
110.0 24.969
110.1 24.969
110.2 24.969
110.3 24.969
110.4 25.000
110.5 25.000
110.6 25.000
110.7 25.000
110.8 25.000
110.9 25.000
111.0 25.000
111.1 25.000
111.2 25.000
111.3 25.000
111.4 25.000
111.5 25.000
111.6 25.000
111.7 25.000
111.8 25.000
111.9 25.000
112.0 25.000
112.1 25.000
112.2 25.000
112.3 25.000
112.4 25.000
112.5 25.000
112.6 25.000
112.7 25.000
112.8 25.000
112.9 25.000
113.0 25.000
113.1 25.000
113.2 25.000
113.3 25.000
113.4 25.000
113.5 25.000
113.6 25.000
113.7 25.000
113.8 25.000
113.9 25.000
114.0 25.000
114.1 25.000
114.2 25.000
114.3 25.000
114.4 25.000
114.5 25.000
114.6 25.000
114.7 25.000
114.8 25.000
114.9 25.000
115.0 25.000
115.1 25.000
115.2 25.000
115.3 25.000
115.4 25.000
115.5 25.000
115.6 25.000
115.7 25.000
115.8 25.000
115.9 25.000
116.0 25.000
116.1 25.000
116.2 25.000
116.3 25.000
116.4 25.000
116.5 25.000
116.6 25.000
116.7 25.000
116.8 25.000
116.9 25.000
117.0 25.008
117.1 25.008
117.2 25.008
117.3 25.008
117.4 25.008
117.5 25.008
117.6 25.008
117.7 25.004
117.8 25.004
117.9 25.004
118.0 25.004
118.1 25.004
118.2 25.004
118.3 25.007
118.4 25.007
118.5 25.007
118.6 25.007
118.7 25.007
118.8 25.007
118.9 25.007
119.0 25.007
119.1 25.007
119.2 25.007
119.3 25.007
119.4 25.007
119.5 25.007
119.6 25.007
119.7 25.007
119.8 25.007
119.9 25.007
120.0 25.007
120.1 25.007
120.2 25.007
120.3 25.007
120.4 25.000
120.5 25.000
120.6 25.000
120.7 25.000
120.8 25.000
120.9 25.000
121.0 25.000
121.1 25.000
121.2 25.000
121.3 25.000
121.4 25.000
121.5 25.000
121.6 25.000
121.7 25.000
121.8 25.000
121.9 25.000
122.0 25.000
122.1 25.000
122.2 25.000
122.3 25.000
122.4 25.000
122.5 25.000
122.6 25.000
122.7 25.000
122.8 25.000
122.9 25.000
123.0 25.000
123.1 25.000
123.2 25.000
123.3 25.000
123.4 25.000
123.5 25.000
123.6 25.000
123.7 25.000
123.8 25.000
123.9 25.000
124.0 25.000
124.1 25.000
124.2 25.000
124.3 25.000
124.4 25.000
124.5 25.000
124.6 25.000
124.7 25.000
124.8 25.000
124.9 25.000
125.0 25.000
125.1 25.000
125.2 25.000
125.3 25.000
125.4 25.000
125.5 25.000
125.6 25.000
125.7 25.000
125.8 25.000
125.9 25.000
126.0 25.000
126.1 25.000
126.2 25.000
126.3 25.000
126.4 25.000
126.5 25.000
126.6 25.000
126.7 25.000
126.8 25.000
126.9 25.004
127.0 25.004
127.1 25.004
127.2 25.004
127.3 25.004
127.4 25.004
127.5 25.004
127.6 25.006
127.7 25.006
127.8 25.006
127.9 25.006
128.0 25.006
128.1 25.006
128.2 25.003
128.3 25.003
128.4 25.003
128.5 25.003
128.6 25.003
128.7 25.003
128.8 25.003
128.9 25.003
129.0 25.003
129.1 25.003
129.2 25.003
129.3 25.003
129.4 25.003
129.5 25.003
129.6 25.003
129.7 25.003
129.8 25.003
129.9 25.003
130.0 25.003
130.1 25.003
130.2 25.003
130.3 25.000
130.4 25.000
130.5 25.000
130.6 25.000
130.7 25.000
130.8 25.000
130.9 25.000
131.0 25.000
131.1 25.000
131.2 25.000
131.3 25.000
131.4 25.000
131.5 25.000
131.6 25.000
131.7 25.000
131.8 25.000
131.9 25.000
132.0 25.000
132.1 25.000
132.2 25.000
132.3 25.000
132.4 25.000
132.5 25.000
132.6 25.000
132.7 25.000
132.8 25.000
132.9 25.000
133.0 25.000
133.1 25.000
133.2 25.000
133.3 25.000
133.4 25.000
133.5 25.000
133.6 25.000
133.7 25.000
133.8 25.000
133.9 25.000
134.0 25.000
134.1 25.000
134.2 25.000
134.3 25.000
134.4 25.000
134.5 25.000
134.6 25.000
134.7 25.000
134.8 25.000
134.9 25.000
135.0 25.000
135.1 25.000
135.2 25.000
135.3 25.000
135.4 25.000
135.5 25.000
135.6 25.000
135.7 25.000
135.8 25.000
135.9 25.000
136.0 25.000
136.1 25.000
136.2 25.000
136.3 25.000
136.4 25.000
136.5 25.000
136.6 25.000
136.7 25.000
136.8 25.007
136.9 25.007
137.0 25.007
137.1 25.007
137.2 25.007
137.3 25.007
137.4 25.005
137.5 25.005
137.6 25.005
137.7 25.005
137.8 25.005
137.9 25.005
138.0 25.005
138.1 25.002
138.2 25.002
138.3 25.002
138.4 25.002
138.5 25.002
138.6 25.002
138.7 25.002
138.8 25.002
138.9 25.002
139.0 25.002
139.1 25.002
139.2 25.002
139.3 25.002
139.4 25.002
139.5 25.002
139.6 25.002
139.7 25.002
139.8 25.002
139.9 25.002
140.0 25.002
140.1 25.002
140.2 25.002
140.3 25.000
140.4 25.000
140.5 25.000
140.6 25.000
140.7 25.000
140.8 25.000
140.9 25.000
141.0 25.000
141.1 25.000
141.2 25.000
141.3 25.000
141.4 25.000
141.5 25.000
141.6 25.000
141.7 25.000
141.8 25.000
141.9 25.000
142.0 25.000
142.1 25.000
142.2 25.000
142.3 25.000
142.4 25.000
142.5 25.000
142.6 25.000
142.7 25.000
142.8 25.000
142.9 25.000
143.0 25.000
143.1 25.000
143.2 25.000
143.3 25.000
143.4 25.000
143.5 25.000
143.6 25.000
143.7 25.000
143.8 25.000
143.9 25.000
144.0 25.000
144.1 25.000
144.2 25.000
144.3 25.000
144.4 25.000
144.5 25.000
144.6 25.000
144.7 25.000
144.8 25.000
144.9 25.000
145.0 25.000
145.1 25.000
145.2 25.000
145.3 25.000
145.4 25.000
145.5 25.000
145.6 25.000
145.7 25.000
145.8 25.000
145.9 25.000
146.0 25.000
146.1 25.000
146.2 25.000
146.3 25.000
146.4 25.000
146.5 25.000
146.6 25.000
146.7 25.005
146.8 25.005
146.9 25.005
147.0 25.005
147.1 25.005
147.2 25.005
147.3 25.009
147.4 25.009
147.5 25.009
147.6 25.009
147.7 25.009
147.8 25.009
147.9 25.009
148.0 25.006
148.1 25.006
148.2 25.006
148.3 25.006
148.4 25.006
148.5 25.006
148.6 25.006
148.7 25.006
148.8 25.006
148.9 25.006
149.0 25.006
149.1 25.006
149.2 25.006
149.3 25.006
149.4 25.006
149.5 25.006
149.6 25.006
149.7 25.006
149.8 25.006
149.9 25.006
150.0 25.006
150.1 25.006
150.2 25.006
150.3 24.967
150.4 24.967
150.5 24.967
150.6 24.967
150.7 24.967
150.8 24.967
150.9 24.967
151.0 24.967
151.1 24.967
151.2 24.967
151.3 24.967
151.4 24.967
151.5 24.967
151.6 24.967
151.7 24.967
151.8 24.967
151.9 24.967
152.0 24.967
152.1 24.967
152.2 24.967
152.3 24.967
152.4 24.967
152.5 24.967
152.6 24.967
152.7 24.967
152.8 24.967
152.9 24.967
153.0 24.967
153.1 24.967
153.2 24.967
153.3 24.967
153.4 24.967
153.5 24.967
153.6 24.967
153.7 24.967
153.8 24.967
153.9 24.967
154.0 24.967
154.1 24.967
154.2 24.967
154.3 24.967
154.4 24.967
154.5 24.967
154.6 24.967
154.7 24.967
154.8 24.967
154.9 24.967
155.0 24.967
155.1 24.967
155.2 24.967
155.3 24.967
155.4 24.967
155.5 24.967
155.6 24.967
155.7 24.967
155.8 24.967
155.9 24.967
156.0 24.967
156.1 24.967
156.2 24.967
156.3 24.967
156.4 24.967
156.5 24.963
156.6 24.963
156.7 24.963
156.8 24.963
156.9 24.963
157.0 24.963
157.1 24.963
157.2 24.960
157.3 24.960
157.4 24.960
157.5 24.960
157.6 24.960
157.7 24.960
157.8 24.964
157.9 24.964
158.0 24.964
158.1 24.964
158.2 24.964
158.3 24.964
158.4 24.964
158.5 24.964
158.6 24.964
158.7 24.964
158.8 24.964
158.9 24.964
159.0 24.964
159.1 24.964
159.2 24.964
159.3 24.964
159.4 24.964
159.5 24.964
159.6 24.964
159.7 24.964
159.8 24.964
159.9 24.964
160.0 24.964
160.1 24.964
160.2 25.000
160.3 25.000
160.4 25.000
160.5 25.000
160.6 25.000
160.7 25.000
160.8 25.000
160.9 25.000
161.0 25.000
161.1 25.000
161.2 25.000
161.3 25.000
161.4 25.000
161.5 25.000
161.6 25.000
161.7 25.000
161.8 25.000
161.9 25.000
162.0 25.000
162.1 25.000
162.2 25.000
162.3 25.000
162.4 25.000
162.5 25.000
162.6 25.000
162.7 25.000
162.8 25.000
162.9 25.000
163.0 25.000
163.1 25.000
163.2 25.000
163.3 25.000
163.4 25.000
163.5 25.000
163.6 25.000
163.7 25.000
163.8 25.000
163.9 25.000
164.0 25.000
164.1 25.000
164.2 25.000
164.3 25.000
164.4 25.000
164.5 25.000
164.6 25.000
164.7 25.000
164.8 25.000
164.9 25.000
165.0 25.000
165.1 25.000
165.2 25.000
165.3 25.000
165.4 25.000
165.5 25.000
165.6 25.000
165.7 25.000
165.8 25.000
165.9 25.000
166.0 25.000
166.1 25.000
166.2 25.000
166.3 25.000
166.4 25.008
166.5 25.008
166.6 25.008
166.7 25.008
166.8 25.008
166.9 25.008
167.0 25.008
167.1 25.006
167.2 25.006
167.3 25.006
167.4 25.006
167.5 25.006
167.6 25.006
167.7 25.008
167.8 25.008
167.9 25.008
168.0 25.008
168.1 25.008
168.2 25.008
168.3 25.008
168.4 25.008
168.5 25.008
168.6 25.008
168.7 25.008
168.8 25.008
168.9 25.008
169.0 25.008
169.1 25.008
169.2 25.008
169.3 25.008
169.4 25.008
169.5 25.008
169.6 25.008
169.7 25.008
169.8 25.008
169.9 25.008
170.0 25.008
170.1 25.008
170.2 24.967
170.3 24.967
170.4 24.967
170.5 24.967
170.6 24.967
170.7 24.967
170.8 24.967
170.9 24.967
171.0 24.967
171.1 24.967
171.2 24.967
171.3 24.967
171.4 24.967
171.5 24.967
171.6 24.967
171.7 24.967
171.8 24.967
171.9 24.967
172.0 24.967
172.1 24.967
172.2 24.967
172.3 24.967
172.4 24.967
172.5 24.967
172.6 24.967
172.7 24.967
172.8 24.967
172.9 24.967
173.0 24.967
173.1 24.967
173.2 24.967
173.3 24.967
173.4 24.967
173.5 24.967
173.6 24.967
173.7 24.967
173.8 24.967
173.9 24.967
174.0 24.967
174.1 24.967
174.2 24.967
174.3 24.967
174.4 24.967
174.5 24.967
174.6 24.967
174.7 24.967
174.8 24.967
174.9 24.967
175.0 24.967
175.1 24.967
175.2 24.967
175.3 24.967
175.4 24.967
175.5 24.967
175.6 24.967
175.7 24.967
175.8 24.967
175.9 24.967
176.0 24.967
176.1 24.967
176.2 24.967
176.3 24.962
176.4 24.962
176.5 24.962
176.6 24.962
176.7 24.962
176.8 24.962
176.9 24.962
177.0 24.962
177.1 24.962
177.2 24.962
177.3 24.962
177.4 24.962
177.5 24.962
177.6 24.962
177.7 24.962
177.8 24.962
177.9 24.962
178.0 24.962
178.1 24.962
178.2 24.962
178.3 24.962
178.4 24.962
178.5 24.962
178.6 24.962
178.7 24.962
178.8 24.962
178.9 24.962
179.0 24.962
179.1 24.962
179.2 24.962
179.3 24.962
179.4 24.962
179.5 24.962
179.6 24.962
