0.0 0
0.1 0
0.2 0
0.3 0
0.4 0
0.5 0
0.6 0
0.7 0
0.8 0
0.9 24.838
1.0 24.838
1.1 24.838
1.2 24.838
1.3 24.838
1.4 24.838
1.5 24.838
1.6 24.838
1.7 24.838
1.8 24.838
1.9 24.838
2.0 24.838
2.1 24.838
2.2 24.838
2.3 24.838
2.4 24.838
2.5 24.838
2.6 24.838
2.7 24.838
2.8 24.838
2.9 24.838
3.0 24.838
3.1 24.838
3.2 24.838
3.3 24.838
3.4 24.838
3.5 24.838
3.6 24.838
3.7 24.838
3.8 24.838
3.9 24.838
4.0 24.838
4.1 24.838
4.2 24.838
4.3 24.838
4.4 24.838
4.5 24.838
4.6 24.838
4.7 24.838
4.8 24.838
4.9 24.838
5.0 24.838
5.1 24.838
5.2 24.838
5.3 24.838
5.4 24.838
5.5 24.838
5.6 24.838
5.7 24.838
5.8 24.838
5.9 24.838
6.0 24.838
6.1 24.838
6.2 24.838
6.3 24.838
6.4 24.838
6.5 24.838
6.6 24.838
6.7 24.838
6.8 24.838
6.9 24.838
7.0 24.838
7.1 24.838
7.2 24.838
7.3 24.838
7.4 24.838
7.5 24.838
7.6 24.838
7.7 24.838
7.8 24.838
7.9 24.838
8.0 24.838
8.1 24.838
8.2 24.838
8.3 24.838
8.4 24.838
8.5 24.838
8.6 24.838
8.7 24.838
8.8 24.838
8.9 24.838
9.0 24.838
9.1 24.838
9.2 24.838
9.3 24.838
9.4 24.838
9.5 24.838
9.6 24.838
9.7 24.838
9.8 24.838
9.9 24.838
10.0 24.838
10.1 24.838
10.2 24.838
10.3 24.838
10.4 24.838
10.5 24.838
10.6 24.838
10.7 24.838
10.8 24.838
10.9 24.967
11.0 24.967
11.1 24.967
11.2 24.967
11.3 24.967
11.4 24.967
11.5 24.967
11.6 24.967
11.7 24.967
11.8 24.967
11.9 24.967
12.0 24.967
12.1 24.967
12.2 24.967
12.3 24.967
12.4 24.967
12.5 24.967
12.6 24.967
12.7 24.967
12.8 24.967
12.9 24.967
13.0 24.967
13.1 24.967
13.2 24.967
13.3 24.967
13.4 24.967
13.5 24.967
13.6 24.967
13.7 24.967
13.8 24.967
13.9 24.967
14.0 24.967
14.1 24.967
14.2 24.967
14.3 24.967
14.4 24.967
14.5 24.967
14.6 24.967
14.7 24.967
14.8 24.967
14.9 24.967
15.0 24.967
15.1 24.967
15.2 24.967
15.3 24.967
15.4 24.967
15.5 24.967
15.6 24.967
15.7 24.967
15.8 24.967
15.9 24.967
16.0 24.967
16.1 24.967
16.2 24.967
16.3 24.967
16.4 24.967
16.5 24.967
16.6 24.967
16.7 24.967
16.8 24.967
16.9 24.967
17.0 24.967
17.1 24.967
17.2 24.967
17.3 24.967
17.4 24.967
17.5 24.967
17.6 24.967
17.7 24.967
17.8 24.967
17.9 24.967
18.0 24.967
18.1 24.967
18.2 24.967
18.3 24.967
18.4 24.967
18.5 24.967
18.6 24.967
18.7 24.967
18.8 24.967
18.9 24.967
19.0 24.967
19.1 24.967
19.2 24.967
19.3 24.967
19.4 24.967
19.5 24.967
19.6 24.967
19.7 24.967
19.8 24.967
19.9 24.967
20.0 24.967
20.1 24.967
20.2 24.967
20.3 24.967
20.4 24.967
20.5 24.967
20.6 24.967
20.7 24.967
20.8 24.967
20.9 25.000
21.0 25.000
21.1 25.000
21.2 25.000
21.3 25.000
21.4 25.000
21.5 25.000
21.6 25.000
21.7 25.000
21.8 25.000
21.9 25.000
22.0 25.000
22.1 25.000
22.2 25.000
22.3 25.000
22.4 25.000
22.5 25.000
22.6 25.000
22.7 25.000
22.8 25.000
22.9 25.000
23.0 25.000
23.1 25.000
23.2 25.000
23.3 25.000
23.4 25.000
23.5 25.000
23.6 25.000
23.7 25.000
23.8 25.000
23.9 25.000
24.0 25.000
24.1 25.000
24.2 25.000
24.3 25.000
24.4 25.000
24.5 25.000
24.6 25.000
24.7 25.000
24.8 25.000
24.9 25.002
25.0 25.002
25.1 25.002
25.2 25.002
25.3 25.002
25.4 25.002
25.5 25.002
25.6 25.002
25.7 25.002
25.8 25.002
25.9 25.002
26.0 25.002
26.1 25.002
26.2 25.002
26.3 25.002
26.4 25.002
26.5 25.002
26.6 25.002
26.7 25.002
26.8 25.002
26.9 25.002
27.0 25.002
27.1 25.002
27.2 25.002
27.3 25.002
27.4 25.002
27.5 25.002
27.6 25.002
27.7 25.002
27.8 25.002
27.9 25.002
28.0 25.002
28.1 25.002
28.2 25.002
28.3 25.002
28.4 25.002
28.5 25.002
28.6 25.002
28.7 25.002
28.8 25.002
28.9 25.002
29.0 25.002
29.1 25.002
29.2 25.002
29.3 25.002
29.4 25.002
29.5 25.002
29.6 25.002
29.7 25.002
29.8 25.002
29.9 25.002
30.0 25.002
30.1 25.002
30.2 25.002
30.3 25.002
30.4 25.002
30.5 25.002
30.6 25.002
30.7 25.002
30.8 25.002
30.9 24.963
31.0 24.963
31.1 24.963
31.2 24.963
31.3 24.963
31.4 24.963
31.5 24.963
31.6 24.963
31.7 24.963
31.8 24.963
31.9 24.963
32.0 24.963
32.1 24.963
32.2 24.963
32.3 24.963
32.4 24.963
32.5 24.963
32.6 24.963
32.7 24.963
32.8 24.963
32.9 24.962
33.0 24.962
33.1 24.962
33.2 24.962
33.3 24.962
33.4 24.962
33.5 24.962
33.6 24.962
33.7 24.962
33.8 24.962
33.9 24.962
34.0 24.962
34.1 24.962
34.2 24.962
34.3 24.962
34.4 24.962
34.5 24.962
34.6 24.962
34.7 24.962
34.8 24.962
34.9 24.962
35.0 24.968
35.1 24.968
35.2 24.968
35.3 24.968
35.4 24.968
35.5 24.968
35.6 24.968
35.7 24.968
35.8 24.968
35.9 24.968
36.0 24.968
36.1 24.968
36.2 24.968
36.3 24.968
36.4 24.968
36.5 24.968
36.6 24.968
36.7 24.968
36.8 24.968
36.9 24.968
37.0 24.968
37.1 24.968
37.2 24.968
37.3 24.968
37.4 24.968
37.5 24.968
37.6 24.968
37.7 24.968
37.8 24.968
37.9 24.968
38.0 24.968
38.1 24.968
38.2 24.968
38.3 24.968
38.4 24.968
38.5 24.968
38.6 24.968
38.7 24.968
38.8 24.968
38.9 24.968
39.0 24.961
39.1 24.961
39.2 24.961
39.3 24.961
39.4 24.961
39.5 24.961
39.6 24.961
39.7 24.961
39.8 24.961
39.9 24.961
40.0 24.961
40.1 24.961
40.2 24.961
40.3 24.961
40.4 24.961
40.5 24.961
40.6 24.961
40.7 24.961
40.8 24.961
40.9 24.961
41.0 24.967
41.1 24.967
41.2 24.967
41.3 24.967
41.4 24.967
41.5 24.967
41.6 24.967
41.7 24.967
41.8 24.967
41.9 24.967
42.0 24.967
42.1 24.967
42.2 24.967
42.3 24.967
42.4 24.967
42.5 24.967
42.6 24.967
42.7 24.967
42.8 24.967
42.9 24.967
43.0 24.968
43.1 24.968
43.2 24.968
43.3 24.968
43.4 24.968
43.5 24.968
43.6 24.968
43.7 24.968
43.8 24.968
43.9 24.968
44.0 24.968
44.1 24.968
44.2 24.968
44.3 24.968
44.4 24.968
44.5 24.968
44.6 24.968
44.7 24.968
44.8 24.968
44.9 24.968
45.0 24.961
45.1 24.961
45.2 24.961
45.3 24.961
45.4 24.961
45.5 24.961
45.6 24.961
45.7 24.961
45.8 24.961
45.9 24.961
46.0 24.961
46.1 24.961
46.2 24.961
46.3 24.961
46.4 24.961
46.5 24.961
46.6 24.961
46.7 24.961
46.8 24.961
46.9 24.961
47.0 24.960
47.1 24.960
47.2 24.960
47.3 24.960
47.4 24.960
47.5 24.960
47.6 24.960
47.7 24.960
47.8 24.960
47.9 24.960
48.0 24.960
48.1 24.960
48.2 24.960
48.3 24.960
48.4 24.960
48.5 24.960
48.6 24.960
48.7 24.960
48.8 24.960
48.9 24.960
49.0 24.964
49.1 24.964
49.2 24.964
49.3 24.964
49.4 24.964
49.5 24.964
49.6 24.964
49.7 24.964
49.8 24.964
49.9 24.964
50.0 24.964
50.1 24.964
50.2 24.964
50.3 24.964
50.4 24.964
50.5 24.964
50.6 24.964
50.7 24.964
50.8 24.964
50.9 24.964
51.0 25.000
51.1 25.000
51.2 25.000
51.3 25.000
51.4 25.000
51.5 25.000
51.6 25.000
51.7 25.000
51.8 25.000
51.9 25.000
52.0 25.000
52.1 25.000
52.2 25.000
52.3 25.000
52.4 25.000
52.5 25.000
52.6 25.000
52.7 25.000
52.8 25.000
52.9 25.000
53.0 25.009
53.1 25.009
53.2 25.009
53.3 25.009
53.4 25.009
53.5 25.009
53.6 25.009
53.7 25.009
53.8 25.009
53.9 25.009
54.0 25.009
54.1 25.009
54.2 25.009
54.3 25.009
54.4 25.009
54.5 25.009
54.6 25.009
54.7 25.009
54.8 25.009
54.9 25.009
55.0 25.008
55.1 25.008
55.2 25.008
55.3 25.008
55.4 25.008
55.5 25.008
55.6 25.008
55.7 25.008
55.8 25.008
55.9 25.008
56.0 25.008
56.1 25.008
56.2 25.008
56.3 25.008
56.4 25.008
56.5 25.008
56.6 25.008
56.7 25.008
56.8 25.008
56.9 25.008
57.0 25.000
57.1 25.000
57.2 25.000
57.3 25.000
57.4 25.000
57.5 25.000
57.6 25.000
57.7 25.000
57.8 25.000
57.9 25.000
58.0 25.000
58.1 25.000
58.2 25.000
58.3 25.000
58.4 25.000
58.5 25.000
58.6 25.000
58.7 25.000
58.8 25.000
58.9 25.000
59.0 25.006
59.1 25.006
59.2 25.006
59.3 25.006
59.4 25.006
59.5 25.006
59.6 25.006
59.7 25.006
59.8 25.006
59.9 25.006
60.0 25.006
60.1 25.006
60.2 25.006
60.3 25.006
60.4 25.006
60.5 25.006
60.6 25.006
60.7 25.006
60.8 25.006
60.9 25.000
61.0 25.002
61.1 25.002
61.2 25.002
61.3 25.002
61.4 25.002
61.5 25.002
61.6 25.002
61.7 25.002
61.8 25.002
61.9 25.002
62.0 25.002
62.1 25.002
62.2 25.002
62.3 25.002
62.4 25.002
62.5 25.002
62.6 25.002
62.7 25.002
62.8 25.002
62.9 25.002
63.0 25.009
63.1 25.009
63.2 25.009
63.3 25.009
63.4 25.009
63.5 25.009
63.6 25.009
63.7 25.009
63.8 25.009
63.9 25.009
64.0 25.009
64.1 25.009
64.2 25.009
64.3 25.009
64.4 25.009
64.5 25.009
64.6 25.009
64.7 25.009
64.8 25.009
64.9 25.009
65.0 25.001
65.1 25.001
65.2 25.001
65.3 25.001
65.4 25.001
65.5 25.001
65.6 25.001
65.7 25.001
65.8 25.001
65.9 25.001
66.0 25.001
66.1 25.001
66.2 25.001
66.3 25.001
66.4 25.001
66.5 25.001
66.6 25.001
66.7 25.001
66.8 25.001
66.9 25.001
67.0 25.001
67.1 25.001
67.2 25.001
67.3 25.001
67.4 25.001
67.5 25.001
67.6 25.001
67.7 25.001
67.8 25.001
67.9 25.001
68.0 25.001
68.1 25.001
68.2 25.001
68.3 25.001
68.4 25.001
68.5 25.001
68.6 25.001
68.7 25.001
68.8 25.001
68.9 25.001
69.0 25.007
69.1 25.007
69.2 25.007
69.3 25.007
69.4 25.007
69.5 25.007
69.6 25.007
69.7 25.007
69.8 25.007
69.9 25.007
70.0 25.007
70.1 25.007
70.2 25.007
70.3 25.007
70.4 25.007
70.5 25.007
70.6 25.007
70.7 25.007
70.8 25.007
70.9 25.000
71.0 25.000
71.1 25.000
71.2 25.000
71.3 25.000
71.4 25.000
71.5 25.000
71.6 25.000
71.7 25.000
71.8 25.000
71.9 25.000
72.0 25.000
72.1 25.000
72.2 25.000
72.3 25.000
72.4 25.000
72.5 25.000
72.6 25.000
72.7 25.000
72.8 25.000
72.9 25.000
73.0 25.009
73.1 25.009
73.2 25.009
73.3 25.009
73.4 25.009
73.5 25.009
73.6 25.009
73.7 25.009
73.8 25.009
73.9 25.009
74.0 25.009
74.1 25.009
74.2 25.009
74.3 25.009
74.4 25.009
74.5 25.009
74.6 25.009
74.7 25.009
74.8 25.009
74.9 25.009
75.0 25.007
75.1 25.007
75.2 25.007
75.3 25.007
75.4 25.007
75.5 25.007
75.6 25.007
75.7 25.007
75.8 25.007
75.9 25.007
76.0 25.007
76.1 25.007
76.2 25.007
76.3 25.007
76.4 25.007
76.5 25.007
76.6 25.007
76.7 25.007
76.8 25.007
76.9 25.007
77.0 25.007
77.1 25.009
77.2 25.009
77.3 25.009
77.4 25.009
77.5 25.009
77.6 25.009
77.7 25.009
77.8 25.009
77.9 25.009
78.0 25.009
78.1 25.009
78.2 25.009
78.3 25.009
78.4 25.009
78.5 25.009
78.6 25.009
78.7 25.009
78.8 25.009
78.9 25.009
79.0 25.009
79.1 25.004
79.2 25.004
79.3 25.004
79.4 25.004
79.5 25.004
79.6 25.004
79.7 25.004
79.8 25.004
79.9 25.004
80.0 25.004
80.1 25.004
80.2 25.004
80.3 25.004
80.4 25.004
80.5 25.004
80.6 25.004
80.7 25.004
80.8 25.004
80.9 25.000
81.0 25.000
81.1 25.006
81.2 25.006
81.3 25.006
81.4 25.006
81.5 25.006
81.6 25.006
81.7 25.006
81.8 25.006
81.9 25.006
82.0 25.006
82.1 25.006
82.2 25.006
82.3 25.006
82.4 25.006
82.5 25.006
82.6 25.006
82.7 25.006
82.8 25.006
82.9 25.006
83.0 25.006
83.1 25.003
83.2 25.003
83.3 25.003
83.4 25.003
83.5 25.003
83.6 25.003
83.7 25.003
83.8 25.003
83.9 25.003
84.0 25.003
84.1 25.003
84.2 25.003
84.3 25.003
84.4 25.003
84.5 25.003
84.6 25.003
84.7 25.003
84.8 25.003
84.9 25.003
85.0 25.003
85.1 25.007
85.2 25.007
85.3 25.007
85.4 25.007
85.5 25.007
85.6 25.007
85.7 25.007
85.8 25.007
85.9 25.007
86.0 25.007
86.1 25.007
86.2 25.007
86.3 25.007
86.4 25.007
86.5 25.007
86.6 25.007
86.7 25.007
86.8 25.007
86.9 25.007
87.0 25.007
87.1 25.005
87.2 25.005
87.3 25.005
87.4 25.005
87.5 25.005
87.6 25.005
87.7 25.005
87.8 25.005
87.9 25.005
88.0 25.005
88.1 25.005
88.2 25.005
88.3 25.005
88.4 25.005
88.5 25.005
88.6 25.005
88.7 25.005
88.8 25.005
88.9 25.005
89.0 25.005
89.1 25.002
89.2 25.002
89.3 25.002
89.4 25.002
89.5 25.002
89.6 25.002
89.7 25.002
89.8 25.002
89.9 25.002
90.0 25.002
90.1 25.002
90.2 25.002
90.3 25.002
90.4 25.002
90.5 25.002
90.6 25.002
90.7 25.002
90.8 25.000
90.9 25.000
91.0 25.000
91.1 25.005
91.2 25.005
91.3 25.005
91.4 25.005
91.5 25.005
91.6 25.005
91.7 25.005
91.8 25.005
91.9 25.005
92.0 25.005
92.1 25.005
92.2 25.005
92.3 25.005
92.4 25.005
92.5 25.005
92.6 25.005
92.7 25.005
92.8 25.005
92.9 25.005
93.0 25.005
93.1 25.009
93.2 25.009
93.3 25.009
93.4 25.009
93.5 25.009
93.6 25.009
93.7 25.009
93.8 25.009
93.9 25.009
94.0 25.009
94.1 25.009
94.2 25.009
94.3 25.009
94.4 25.009
94.5 25.009
94.6 25.009
94.7 25.009
94.8 25.009
94.9 25.009
95.0 25.009
95.1 25.006
95.2 25.006
95.3 25.006
95.4 25.006
95.5 25.006
95.6 25.006
95.7 25.006
95.8 25.006
95.9 25.006
96.0 25.006
96.1 25.006
96.2 25.006
96.3 25.006
96.4 25.006
96.5 25.006
96.6 25.006
96.7 25.006
96.8 25.006
96.9 25.006
97.0 25.006
97.1 25.003
97.2 25.003
97.3 25.003
97.4 25.003
97.5 25.003
97.6 25.003
97.7 25.003
97.8 25.003
97.9 25.003
98.0 25.003
98.1 25.003
98.2 25.003
98.3 25.003
98.4 25.003
98.5 25.003
98.6 25.003
98.7 25.003
98.8 25.003
98.9 25.003
99.0 25.003
99.1 25.000
99.2 25.000
99.3 25.000
99.4 25.000
99.5 25.000
99.6 25.000
99.7 25.000
99.8 25.000
99.9 25.000
100.0 25.000
100.1 25.000
100.2 25.000
100.3 25.000
100.4 25.000
100.5 25.000
100.6 25.000
100.7 25.000
100.8 24.645
100.9 24.645
101.0 24.645
101.1 24.644
101.2 24.644
101.3 24.644
101.4 24.644
101.5 24.644
101.6 24.644
101.7 24.644
101.8 24.644
101.9 24.644
102.0 24.644
102.1 24.644
102.2 24.644
102.3 24.644
102.4 24.644
102.5 24.644
102.6 24.644
102.7 24.644
102.8 24.644
102.9 24.644
103.0 24.644
103.1 24.648
103.2 24.648
103.3 24.648
103.4 24.648
103.5 24.648
103.6 24.648
103.7 24.648
103.8 24.648
103.9 24.648
104.0 24.648
104.1 24.648
104.2 24.648
104.3 24.648
104.4 24.648
104.5 24.648
104.6 24.648
104.7 24.648
104.8 24.648
104.9 24.648
105.0 24.648
105.1 24.646
105.2 24.646
105.3 24.646
105.4 24.646
105.5 24.646
105.6 24.646
105.7 24.646
105.8 24.646
105.9 24.646
106.0 24.646
106.1 24.646
106.2 24.646
106.3 24.646
106.4 24.646
106.5 24.646
106.6 24.646
106.7 24.646
106.8 24.646
106.9 24.646
107.0 24.646
107.1 24.648
107.2 24.648
107.3 24.648
107.4 24.648
107.5 24.648
107.6 24.648
107.7 24.648
107.8 24.648
107.9 24.648
108.0 24.648
108.1 24.648
108.2 24.648
108.3 24.648
108.4 24.648
108.5 24.648
108.6 24.648
108.7 24.648
108.8 24.648
108.9 24.648
109.0 24.648
109.1 24.642
109.2 24.642
109.3 24.642
109.4 24.642
109.5 24.642
109.6 24.642
109.7 24.642
109.8 24.642
109.9 24.642
110.0 24.642
110.1 24.642
110.2 24.642
110.3 24.642
110.4 24.642
110.5 24.642
110.6 24.642
110.7 24.642
110.8 24.967
110.9 24.967
111.0 24.967
111.1 24.962
111.2 24.962
111.3 24.962
111.4 24.962
111.5 24.962
111.6 24.962
111.7 24.962
111.8 24.962
111.9 24.962
112.0 24.962
112.1 24.962
112.2 24.962
112.3 24.962
112.4 24.962
112.5 24.962
112.6 24.962
112.7 24.962
112.8 24.962
112.9 24.962
113.0 24.962
113.1 24.962
113.2 24.962
113.3 24.962
113.4 24.962
113.5 24.962
113.6 24.962
113.7 24.962
113.8 24.962
113.9 24.962
114.0 24.962
114.1 24.962
114.2 24.962
114.3 24.962
114.4 24.962
114.5 24.962
114.6 24.962
114.7 24.962
114.8 24.962
114.9 24.962
115.0 24.962
115.1 24.962
115.2 24.963
115.3 24.963
115.4 24.963
115.5 24.963
115.6 24.963
115.7 24.963
115.8 24.963
115.9 24.963
116.0 24.963
116.1 24.963
116.2 24.963
116.3 24.963
116.4 24.963
116.5 24.963
116.6 24.963
116.7 24.963
116.8 24.963
116.9 24.963
117.0 24.963
117.1 24.963
117.2 24.962
117.3 24.962
117.4 24.962
117.5 24.962
117.6 24.962
117.7 24.962
117.8 24.962
117.9 24.962
118.0 24.962
118.1 24.962
118.2 24.962
118.3 24.962
118.4 24.962
118.5 24.962
118.6 24.962
118.7 24.962
118.8 24.962
118.9 24.962
119.0 24.962
119.1 24.962
119.2 24.968
119.3 24.968
119.4 24.968
119.5 24.968
119.6 24.968
119.7 24.968
119.8 24.968
119.9 24.968
120.0 24.968
120.1 24.968
120.2 24.968
120.3 24.968
120.4 24.968
120.5 24.968
120.6 24.968
120.7 24.968
120.8 25.000
120.9 25.000
121.0 25.000
121.1 25.000
121.2 25.008
121.3 25.008
121.4 25.008
121.5 25.008
121.6 25.008
121.7 25.008
121.8 25.008
121.9 25.008
122.0 25.008
122.1 25.008
122.2 25.008
122.3 25.008
122.4 25.008
122.5 25.008
122.6 25.008
122.7 25.008
122.8 25.008
122.9 25.008
123.0 25.008
123.1 25.008
123.2 25.001
123.3 25.001
123.4 25.001
123.5 25.001
123.6 25.001
123.7 25.001
123.8 25.001
123.9 25.001
124.0 25.001
124.1 25.001
124.2 25.001
124.3 25.001
124.4 25.001
124.5 25.001
124.6 25.001
124.7 25.001
124.8 25.001
124.9 25.001
125.0 25.001
125.1 25.001
125.2 25.000
125.3 25.000
125.4 25.000
125.5 25.000
125.6 25.000
125.7 25.000
125.8 25.000
125.9 25.000
126.0 25.000
126.1 25.000
126.2 25.000
126.3 25.000
126.4 25.000
126.5 25.000
126.6 25.000
126.7 25.000
126.8 25.000
126.9 25.000
127.0 25.000
127.1 25.000
127.2 25.008
127.3 25.008
127.4 25.008
127.5 25.008
127.6 25.008
127.7 25.008
127.8 25.008
127.9 25.008
128.0 25.008
128.1 25.008
128.2 25.008
128.3 25.008
128.4 25.008
128.5 25.008
128.6 25.008
128.7 25.008
128.8 25.008
128.9 25.008
129.0 25.008
129.1 25.008
129.2 25.001
129.3 25.001
129.4 25.001
129.5 25.001
129.6 25.001
129.7 25.001
129.8 25.001
129.9 25.001
130.0 25.001
130.1 25.001
130.2 25.001
130.3 25.001
130.4 25.001
130.5 25.001
130.6 25.001
130.7 25.000
130.8 25.000
130.9 25.000
131.0 25.000
131.1 25.000
131.2 25.000
131.3 25.000
131.4 25.000
131.5 25.000
131.6 25.000
131.7 25.000
131.8 25.000
131.9 25.000
132.0 25.000
132.1 25.000
132.2 25.000
132.3 25.000
132.4 25.000
132.5 25.000
132.6 25.000
132.7 25.000
132.8 25.000
132.9 25.000
133.0 25.000
133.1 25.000
133.2 25.004
133.3 25.004
133.4 25.004
133.5 25.004
133.6 25.004
133.7 25.004
133.8 25.004
133.9 25.004
134.0 25.004
134.1 25.004
134.2 25.004
134.3 25.004
134.4 25.004
134.5 25.004
134.6 25.004
134.7 25.004
134.8 25.004
134.9 25.004
135.0 25.004
135.1 25.004
135.2 25.000
135.3 25.000
135.4 25.000
135.5 25.000
135.6 25.000
135.7 25.000
135.8 25.000
135.9 25.000
136.0 25.000
136.1 25.000
136.2 25.000
136.3 25.000
136.4 25.000
136.5 25.000
136.6 25.000
136.7 25.000
136.8 25.000
136.9 25.000
137.0 25.000
137.1 25.000
137.2 25.009
137.3 25.009
137.4 25.009
137.5 25.009
137.6 25.009
137.7 25.009
137.8 25.009
137.9 25.009
138.0 25.009
138.1 25.009
138.2 25.009
138.3 25.009
138.4 25.009
138.5 25.009
138.6 25.009
138.7 25.009
138.8 25.009
138.9 25.009
139.0 25.009
139.1 25.009
139.2 25.008
139.3 25.008
139.4 25.008
139.5 25.008
139.6 25.008
139.7 25.008
139.8 25.008
139.9 25.008
140.0 25.008
140.1 25.008
140.2 25.008
140.3 25.008
140.4 25.008
140.5 25.008
140.6 25.008
140.7 25.000
140.8 25.000
140.9 25.000
141.0 25.000
141.1 25.000
141.2 25.000
141.3 25.000
141.4 25.000
141.5 25.000
141.6 25.000
141.7 25.000
141.8 25.000
141.9 25.000
142.0 25.000
142.1 25.000
142.2 25.000
142.3 25.000
142.4 25.000
142.5 25.000
142.6 25.000
142.7 25.000
142.8 25.000
142.9 25.000
143.0 25.000
143.1 25.000
143.2 25.006
143.3 25.006
143.4 25.006
143.5 25.006
143.6 25.006
143.7 25.006
143.8 25.006
143.9 25.006
144.0 25.006
144.1 25.006
144.2 25.006
144.3 25.006
144.4 25.006
144.5 25.006
144.6 25.006
144.7 25.006
144.8 25.006
144.9 25.006
145.0 25.006
145.1 25.006
145.2 25.002
145.3 25.002
145.4 25.002
145.5 25.002
145.6 25.002
145.7 25.002
145.8 25.002
145.9 25.002
146.0 25.002
146.1 25.002
146.2 25.002
146.3 25.002
146.4 25.002
146.5 25.002
146.6 25.002
146.7 25.002
146.8 25.002
146.9 25.002
147.0 25.002
147.1 25.002
147.2 25.009
147.3 25.009
147.4 25.009
147.5 25.009
147.6 25.009
147.7 25.009
147.8 25.009
147.9 25.009
148.0 25.009
148.1 25.009
148.2 25.009
148.3 25.009
148.4 25.009
148.5 25.009
148.6 25.009
148.7 25.009
148.8 25.009
148.9 25.009
149.0 25.009
149.1 25.009
149.2 25.001
149.3 25.001
149.4 25.001
149.5 25.001
149.6 25.001
149.7 25.001
149.8 25.001
149.9 25.001
150.0 25.001
150.1 25.001
150.2 25.001
150.3 25.001
150.4 25.001
150.5 25.001
150.6 25.001
150.7 25.000
150.8 25.000
150.9 25.000
151.0 25.000
151.1 25.000
151.2 25.001
151.3 25.001
151.4 25.001
151.5 25.001
151.6 25.001
151.7 25.001
151.8 25.001
151.9 25.001
152.0 25.001
152.1 25.001
152.2 25.001
152.3 25.001
152.4 25.001
152.5 25.001
152.6 25.001
152.7 25.001
152.8 25.001
152.9 25.001
153.0 25.001
153.1 25.001
153.2 25.007
153.3 25.007
153.4 25.007
153.5 25.007
153.6 25.007
153.7 25.007
153.8 25.007
153.9 25.007
154.0 25.007
154.1 25.007
154.2 25.007
154.3 25.007
154.4 25.007
154.5 25.007
154.6 25.007
154.7 25.007
154.8 25.007
154.9 25.007
155.0 25.007
155.1 25.007
155.2 25.000
155.3 25.000
155.4 25.000
155.5 25.000
155.6 25.000
155.7 25.000
155.8 25.000
155.9 25.000
156.0 25.000
156.1 25.000
156.2 25.000
156.3 25.000
156.4 25.000
156.5 25.000
156.6 25.000
156.7 25.000
156.8 25.000
156.9 25.000
157.0 25.000
157.1 25.000
157.2 25.000
157.3 25.009
157.4 25.009
157.5 25.009
157.6 25.009
157.7 25.009
157.8 25.009
157.9 25.009
158.0 25.009
158.1 25.009
158.2 25.009
158.3 25.009
158.4 25.009
158.5 25.009
158.6 25.009
158.7 25.009
158.8 25.009
158.9 25.009
159.0 25.009
159.1 25.009
159.2 25.009
159.3 25.007
159.4 25.007
159.5 25.007
159.6 25.007
159.7 25.007
159.8 25.007
159.9 25.007
160.0 25.007
160.1 25.007
160.2 25.007
160.3 25.007
160.4 25.007
160.5 25.007
160.6 25.007
160.7 24.967
160.8 24.967
160.9 24.967
161.0 24.967
161.1 24.967
161.2 24.967
161.3 24.969
161.4 24.969
161.5 24.969
161.6 24.969
161.7 24.969
161.8 24.969
161.9 24.969
162.0 24.969
162.1 24.969
162.2 24.969
162.3 24.969
162.4 24.969
162.5 24.969
162.6 24.969
162.7 24.969
162.8 24.969
162.9 24.969
163.0 24.969
163.1 24.969
163.2 24.969
163.3 24.964
163.4 24.964
163.5 24.964
163.6 24.964
163.7 24.964
163.8 24.964
163.9 24.964
164.0 24.964
164.1 24.964
164.2 24.964
164.3 24.964
164.4 24.964
164.5 24.964
164.6 24.964
164.7 24.964
164.8 24.964
164.9 24.964
165.0 24.964
165.1 24.964
165.2 24.964
165.3 24.966
165.4 24.966
165.5 24.966
165.6 24.966
165.7 24.966
165.8 24.966
165.9 24.966
166.0 24.966
166.1 24.966
166.2 24.966
166.3 24.966
166.4 24.966
166.5 24.966
166.6 24.966
166.7 24.966
166.8 24.966
166.9 24.966
167.0 24.966
167.1 24.966
167.2 24.966
167.3 24.963
167.4 24.963
167.5 24.963
167.6 24.963
167.7 24.963
167.8 24.963
167.9 24.963
168.0 24.963
168.1 24.963
168.2 24.963
168.3 24.963
168.4 24.963
168.5 24.963
168.6 24.963
168.7 24.963
168.8 24.963
168.9 24.963
169.0 24.963
169.1 24.963
169.2 24.963
169.3 24.967
169.4 24.967
169.5 24.967
169.6 24.967
169.7 24.967
169.8 24.967
169.9 24.967
170.0 24.967
170.1 24.967
170.2 24.967
170.3 24.967
170.4 24.967
170.5 24.967
170.6 24.967
170.7 24.967
170.8 24.967
170.9 24.967
171.0 24.967
171.1 24.967
171.2 24.967
171.3 24.965
171.4 24.965
171.5 24.965
171.6 24.965
171.7 24.965
171.8 24.965
171.9 24.965
172.0 24.965
172.1 24.965
172.2 24.965
172.3 24.965
172.4 24.965
172.5 24.965
172.6 24.965
172.7 24.965
172.8 24.965
172.9 24.965
173.0 24.965
173.1 24.965
173.2 24.965
173.3 24.962
173.4 24.962
173.5 24.962
173.6 24.962
173.7 24.962
173.8 24.962
173.9 24.962
174.0 24.962
174.1 24.962
174.2 24.962
174.3 24.962
174.4 24.962
174.5 24.962
174.6 24.962
174.7 24.962
174.8 24.962
174.9 24.962
175.0 24.962
175.1 24.962
175.2 24.962
175.3 24.965
175.4 24.965
175.5 24.965
175.6 24.965
175.7 24.965
175.8 24.965
175.9 24.965
176.0 24.965
176.1 24.965
176.2 24.965
176.3 24.965
176.4 24.965
176.5 24.965
176.6 24.965
176.7 24.965
176.8 24.965
176.9 24.965
177.0 24.965
177.1 24.965
177.2 24.965
